ID	Site	Long	Lat	Ele.m	pH	SOC	SCNratio	DOC	plant.species.richness	plant.shannon.diversity	vege.type	Coleoptera	Diptera	Lepidoptera	Hymenoptera	Tubificida	Acariformes	Hemiptera	Protura	Araneae	Isopoda	Collembola	Opisthopora	Bdelloidea	Tylenchida	Aphelenchida	Rhabditida	Enoplida	Dorylaimida	Others	Arthropoda	Nematoda	faunal.richness	faunal.abundance	faunal.evenness
1	751	100.88	36.32	3282	7.51	3.02	9.27	164.98	10	1.34	AS	1039	0	0	0	0	0	0	520	0	0	0	0	0	520	0	0	0	0	0	1039	520	3	2079	0.374879837
2	753	100.22	35.98	3080	8.13	1.66	15.20	159.36	9	1.23	AS	520	1039	0	520	0	0	0	0	0	0	0	0	0	0	0	0	0	0	0	2079	0	3	2079	0.374879837
3	755	100.48	35.55	3320	7.73	5.45	11.11	260.35	28	2.17	AM	520	520	0	0	520	520	0	0	0	0	0	0	0	2079	3118	0	0	0	0	1559	5197	6	7277	0.285635774
4	756	100.92	35.35	3366	7.88	1.92	14.26	137.82	15	2.00	AS	0	0	0	520	0	520	0	0	0	0	0	0	0	2079	0	0	0	0	0	1039	2079	3	3119	0.499893145
5	757	100.82	34.85	3663	7.46	10.98	11.89	261.97	21	1.73	AM	0	520	0	520	0	0	0	0	0	520	0	0	0	4158	2079	0	0	0	0	1559	6236	5	7797	0.368830752
6	758	100.38	34.47	4250	6.88	7.78	12.62	54.39	18	2.08	AM	0	520	0	1039	0	0	0	0	0	1559	0	0	0	2598	4158	0	0	2598	0	3118	9354	6	12472	0.222233364
7	760	100.22	34.53	3728	7.21	7.69	12.42	263.12	27	2.15	AM	0	520	0	0	1039	0	0	0	0	0	0	0	0	1039	2079	0	0	0	0	520	3118	4	4677	0.308657834
8	761	98.97	34.83	4505	7.74	13.85	13.27	29.72	8	1.08	AM	0	0	0	520	0	0	0	0	0	0	0	0	0	0	4677	3118	0	0	0	520	7795	3	8315	0.460905557
9	762	98.57	34.98	4305	8.56	1.55	26.93	35.29	6	1.09	AS	1039	0	520	1039	0	0	0	0	0	0	0	0	0	1039	0	0	0	0	0	2598	1039	4	3637	0.265272473
10	763	98.45	34.85	4230	8.80	1.41	27.88	31.89	18	1.61	AS	0	0	0	0	0	0	0	0	0	0	0	520	0	520	1039	0	0	0	0	0	1559	3	2079	0.374879837
11	765	96.92	33.02	3825	7.78	5.39	11.87	165.90	20	1.93	AM	0	520	0	0	0	0	0	0	0	0	520	0	0	2598	6236	0	0	0	0	1039	8835	4	9874	0.473641572
12	766	96.73	32.88	4258	6.92	16.07	11.67	272.71	24	2.07	AM	520	520	0	1559	0	0	0	0	0	0	0	0	0	5197	0	520	0	0	0	2598	5717	5	8316	0.437424851
13	767	96.55	32.58	4076	7.15	11.51	12.63	222.55	22	2.24	AM	0	0	0	520	0	0	0	0	0	0	0	0	0	5197	2598	1559	0	0	0	520	9354	4	9874	0.373957294
14	768	96.38	32.00	4177	7.09	9.64	12.51	194.39	13	1.88	AM	0	520	0	0	0	0	0	0	2079	520	0	0	0	2079	1559	520	520	0	0	3118	4677	7	7797	0.199965805
15	770	96.35	33.27	4284	6.71	9.26	14.04	426.00	12	1.63	AM	0	0	0	520	0	0	0	0	0	0	0	0	0	0	1039	0	1559	0	0	520	2598	3	3118	0.388853276
16	771	96.00	33.58	4234	7.41	10.64	12.49	355.79	16	1.62	AM	0	1039	0	520	0	0	0	0	0	0	0	0	0	0	1559	1039	0	0	0	1559	2598	4	4157	0.281234981
17	772	95.87	33.72	4233	7.48	7.51	11.80	217.09	10	1.33	AM	0	0	0	520	0	0	520	0	0	0	0	0	0	2079	0	0	0	520	0	1039	2598	4	3639	0.387654173
18	773	95.70	33.93	4152	7.53	9.84	12.45	346.23	12	1.71	AM	0	520	0	0	0	0	0	0	0	0	0	0	0	0	2079	0	0	0	520	520	2079	3	3119	0.499893145
19	774	96.37	33.97	4224	7.03	7.98	11.13	276.41	17	1.89	AM	0	1039	0	0	0	0	0	0	0	0	0	0	0	2598	520	1559	0	0	0	1039	4677	4	5716	0.322288032
20	775	96.20	34.10	4366	7.20	7.75	11.71	512.44	19	1.85	AM	0	1039	0	0	0	0	0	0	0	0	0	0	0	1039	520	0	0	0	0	1039	1559	3	2598	0.35993845
21	776	97.02	33.75	4572	6.72	6.27	12.98	387.18	16	1.51	AM	0	1559	0	520	0	0	0	0	1039	0	0	0	0	520	1039	0	0	0	1039	3118	1559	6	5716	0.190062418
22	777	97.98	34.58	4278	7.86	5.01	16.60	274.81	5	0.76	AM	0	520	0	1039	0	0	0	0	0	0	0	0	0	2079	0	0	0	0	0	1559	2079	3	3638	0.42857145
23	778	98.25	34.87	4243	8.43	1.27	29.42	140.90	5	0.98	AS	0	1039	0	0	0	0	0	0	0	0	0	0	0	2079	0	0	0	0	0	1039	2079	2	3118	0.555626849
24	779	99.17	35.35	4162	8.33	1.93	20.16	139.31	7	1.11	AS	0	0	0	520	0	0	0	0	0	0	0	0	0	0	1039	520	0	0	520	520	1559	4	2599	0.279907728
25	780	99.38	35.42	4008	8.04	3.37	14.71	226.50	8	1.41	AS	0	520	0	0	0	0	0	0	0	0	0	0	0	0	0	0	0	0	520	520	0	2	1040	0.5
26	781	99.47	35.43	4089	8.03	3.17	13.82	187.63	6	1.10	AS	0	0	0	0	0	0	0	0	0	0	0	0	0	0	3118	0	0	0	0	0	3118	1	3118	1
27	782	101.02	36.85	3066	8.28	3.16	11.84	165.93	11	1.48	AS	0	1559	0	0	0	0	0	0	0	0	0	0	0	0	0	0	520	0	0	1559	520	2	2079	0.624879779
28	783	100.92	36.97	3130	7.26	4.51	10.93	255.64	16	1.66	AS	0	1559	0	0	0	0	0	0	0	0	0	0	0	1039	0	1559	0	0	0	1559	2598	3	4157	0.34376504
29	784	99.57	37.13	3241	7.63	2.34	18.17	244.91	12	1.45	AS	0	520	0	0	0	0	0	0	0	0	0	0	0	2079	1039	0	0	0	0	520	3118	3	3638	0.42857145
30	785	98.90	36.93	3297	8.06	1.82	18.79	284.88	7	1.42	AS	0	1039	0	520	0	0	0	0	0	0	0	0	520	0	0	0	0	0	0	1559	0	3	2079	0.374879837
31	786	98.38	37.02	3130	7.98	0.90	33.50	138.09	4	0.58	DS	0	0	0	0	0	0	0	0	0	0	0	0	0	0	1039	0	0	0	0	0	1039	1	1039	1
32	787	98.38	37.27	3425	8.18	1.99	17.67	167.74	8	1.24	AS	0	520	0	0	0	0	0	0	0	0	0	0	0	0	0	520	0	0	0	520	520	2	1040	0.5
33	788	97.13	37.35	2918	8.14	0.99	47.13	230.09	3	0.44	DS	0	0	0	0	0	0	0	0	0	0	0	0	0	2079	0	0	1039	0	0	0	3118	2	3118	0.555626849
34	789	95.90	37.48	3319	8.23	0.63	57.80	207.24	3	0.76	DS	0	0	0	0	520	0	0	0	0	0	0	0	0	2079	0	0	0	0	0	0	2079	2	2599	0.679907669
35	791	94.50	35.87	3633	8.80	0.65	39.05	125.58	6	0.51	DS	0	520	0	0	0	0	0	0	0	0	0	0	0	0	520	0	0	0	0	520	520	2	1040	0.5
36	794	93.85	35.50	4598	9.01	0.67	23.43	176.27	10	1.16	AS	0	520	0	0	0	0	0	0	0	0	0	0	0	520	0	0	0	0	0	520	520	2	1040	0.5
37	795	93.32	35.32	4539	8.44	1.12	29.24	186.46	9	1.31	AM	0	520	0	0	0	0	0	0	0	520	0	0	0	1039	0	0	0	0	0	1039	1039	3	2079	0.374879837
38	796	93.03	35.12	4733	8.64	2.41	18.87	211.89	9	0.97	AM	0	1039	0	0	0	0	0	0	0	0	0	0	0	0	0	0	0	0	0	1039	0	1	1039	1
39	797	92.93	34.93	4555	8.53	0.72	33.12	204.65	16	1.50	AM	520	0	0	0	0	0	0	0	0	0	0	0	0	0	0	0	0	0	0	520	0	1	520	1
40	798	92.62	34.37	4625	8.45	0.92	44.45	158.86	11	1.40	AS	0	1039	0	0	0	0	0	0	520	1039	0	0	0	0	0	0	0	0	0	2598	0	3	2598	0.35993845
41	799	92.35	33.95	4619	8.13	1.24	46.12	378.04	14	1.84	AS	0	0	0	0	0	0	0	0	0	0	1039	0	0	520	0	0	0	0	0	1039	520	2	1559	0.555413105
42	800	92.37	34.12	4703	8.08	3.92	20.58	597.76	6	1.07	AM	520	0	0	520	0	0	0	0	0	0	0	0	520	0	0	0	0	0	520	1039	0	4	2080	0.25
43	801	92.10	33.72	4697	8.05	1.63	18.20	271.96	13	1.48	AS	0	520	0	0	0	0	0	0	0	0	0	0	0	0	520	0	0	0	0	520	520	2	1040	0.5
44	802	91.87	33.32	4836	7.89	2.19	15.81	173.33	7	1.35	AM	0	0	520	0	0	0	0	0	0	0	0	0	0	1559	0	0	0	0	0	520	1559	2	2079	0.624879779
45	803	91.95	32.93	5228	7.34	2.50	11.65	245.87	14	1.73	AM	0	0	0	0	0	0	0	0	0	520	0	0	0	3638	8315	0	0	0	2079	520	11953	4	14552	0.410684836
46	804	91.67	32.18	4632	7.96	1.37	28.56	168.83	15	1.67	AM	0	0	520	0	0	0	0	0	0	0	0	0	0	2079	2598	0	0	0	0	520	4677	3	5197	0.419946137
47	805	91.70	31.83	4802	7.55	21.03	14.95	704.49	10	1.35	AM	520	0	0	0	0	0	0	0	0	0	0	0	0	10394	4158	0	0	0	520	520	14551	4	15592	0.517727612
48	814	100.10	37.40	3370	7.47	8.54	13.28	468.70	16	1.22	AM	520	0	0	520	0	0	0	0	0	0	0	0	0	0	0	0	0	520	0	1039	520	3	1560	0.333333333
